# --------------------------------
# result by led address order
# --------------------------------

# --------------------------------
# led_location(on)
[0, 255, 0, 0]
[1, 255, 127, 0]
[2, 255, 255, 0]
[3, 0, 255, 0]
[4, 0, 0, 255]
[5, 75, 0, 130]
[6, 148, 0, 211]
[7, 255, 255, 255]
[0, 255, 0, 0]
[1, 255, 127, 0]
[2, 255, 255, 0]
[3, 0, 255, 0]
[4, 0, 0, 255]
[5, 75, 0, 130]
[6, 148, 0, 211]
[7, 255, 255, 255]
[0, 255, 0, 0]
[1, 255, 127, 0]
[2, 255, 255, 0]
[3, 0, 255, 0]
[4, 0, 0, 255]
[5, 75, 0, 130]
[6, 148, 0, 211]
[7, 255, 255, 255]
# --------------------------------


# --------------------------------
# led_location(off)
[0, 0, 0, 0]
[1, 0, 0, 0]
[2, 0, 0, 0]
[3, 0, 0, 0]
[4, 0, 0, 0]
[5, 0, 0, 0]
[6, 0, 0, 0]
[7, 0, 0, 0]
[0, 0, 0, 0]
[1, 0, 0, 0]
[2, 0, 0, 0]
[3, 0, 0, 0]
[4, 0, 0, 0]
[5, 0, 0, 0]
[6, 0, 0, 0]
[7, 0, 0, 0]
[0, 0, 0, 0]
[1, 0, 0, 0]
[2, 0, 0, 0]
[3, 0, 0, 0]
[4, 0, 0, 0]
[5, 0, 0, 0]
[6, 0, 0, 0]
[7, 0, 0, 0]
# --------------------------------